2007;0.16;-5.65;-3.69|9;8.34|23;9.28|43;4.67|56;8.97|34;12.89|94;2.24|25;2.20|26
2008;-30.13;-40.32;-18.33|9;-31.13|15;-25.40|45;-24.63|58;-33.09|23;-34.16|90;-17.29|26;-34.18|16
2009;57.34;45.58;1.33|9;38.84|16;32.96|45;34.54|49;52.16|27;59.99|78;22.38|24;39.95|18
2010;28.66;20.53;32.30|11;24.43|33;25.55|56;25.55|62;24.80|42;33.21|91;20.02|37;24.43|33
2011;8.81;2.78;15.65|9;0.39|29;0.05|46;0.80|61;1.86|36;0.32|89;0.20|32;-0.54|35
2012;7.27;11.88;-4.84|10;13.21|25;14.20|49;13.76|63;18.19|39;12.13|100;3.32|32;12.63|27
2013;30.56;21.85;27.48|11;33.87|24;38.21|52;42.65|60;30.37|37;25.07|96;27.31|28;40.59|25
2014;16.82;12.22;11.56|11;19.16|31;18.46|55;15.64|67;15.54|42;8.84|93;13.67|34;18.35|33
2015;-2.41;-5.90;-7.50|13;3.00|27;-8.06|62;-8.63|72;-5.14|39;-18.64|102;-9.63|31;4.52|29
2016;28.76;24.42;33.10|11;35.11|22;27.17|55;29.31|72;36.51|31;32.65|76;24.78|33;38.83|25
2017;25.00;16.08;32.09|12;23.41|28;18.21|60;13.12|78;22.48|35;13.99|102;9.10|36;18.47|33
2018;3.56;1.20;19.18|12;22.54|21;18.15|60;14.27|83;13.00|31;3.73|109;5.48|37;22.05|27
2019;22.24;13.71;28.85|13;8.81|27;9.42|64;4.80|86;6.76|42;-1.20|120;-0.91|39;7.04|32
2020;48.19;28.93;51.33|13;47.19|27;46.13|62;49.29|80;36.44|38;41.03|107;27.06|35;43.35|29
2021;7.71;12.47;-22.08|14;-8.39|33;-7.06|71;-9.79|89;0.12|49;2.64|117;3.89|37;-9.24|36
2022;-14.82;-7.98;8.50|14;-1.13|25;-0.89|67;-2.62|98;4.01|43;5.45|132;10.22|39;-1.00|37
2023;32.46;20.76;20.74|15;8.31|35;2.56|74;-0.77|103;15.64|52;7.30|149;8.01|42;3.51|45
