2007;0.16;-5.65;-3.23|25;6.20|14;-1.91|5;7.65|28;-2.83|69;1.57|14;10.01|14;2.45|28;36.91|2
2008;-30.13;-40.32;-37.57|25;-44.06|13;-10.12|3;-48.26|27;-37.68|64;-35.48|13;-44.64|13;-47.47|28;-36.11|2
2009;57.34;45.58;28.01|23;33.58|11;-0.21|3;22.94|23;55.17|53;92.04|11;56.06|11;132.94|23;27.33|2
2010;28.66;20.53;36.48|27;31.00|9;22.06|7;33.02|23;32.14|46;9.50|9;21.54|9;37.10|23;42.99|2
2011;8.81;2.78;14.84|26;23.43|10;22.15|6;21.36|30;13.71|50;-9.80|10;2.99|10;-5.65|30;-0.70|2
2012;7.27;11.88;10.23|29;5.03|13;-7.64|5;7.44|33;17.13|65;24.27|13;25.77|13;19.89|34;34.05|3
2013;30.56;21.85;40.13|29;39.31|14;20.59|5;45.22|31;31.35|69;35.85|14;29.43|14;31.56|31;27.85|3
2014;16.82;12.22;10.17|36;7.31|15;13.73|6;8.39|34;6.82|72;9.51|15;22.68|16;14.50|33;10.80|2
2015;-2.41;-5.90;-4.38|38;-9.82|16;23.15|6;-17.67|32;-14.58|79;-16.63|16;-26.19|16;-27.03|33;-20.51|3
2016;28.76;24.42;32.03|40;34.27|17;38.09|5;21.30|30;38.83|82;48.13|17;46.17|17;35.31|30;40.23|2
2017;25.00;16.08;23.38|42;17.66|16;17.98|6;19.05|33;18.25|81;30.86|16;30.28|16;21.81|35;46.40|2
2018;3.56;1.20;15.90|41;-0.93|17;38.55|4;4.05|38;-0.26|85;1.02|17;-5.99|17;-14.75|38;-13.51|2
2019;22.24;13.71;17.42|47;5.27|20;25.76|6;22.01|40;4.82|97;6.32|20;9.33|20;-7.93|40;-3.30|3
2020;48.19;28.93;48.64|47;42.33|19;43.19|6;54.78|36;38.57|90;63.88|18;66.28|18;63.38|36;12.11|2
2021;7.71;12.47;-7.63|49;11.30|19;-17.92|7;-1.74|34;11.10|93;18.45|19;29.78|19;29.09|34;8.47|3
2022;-14.82;-7.98;9.18|40;9.12|14;-1.85|5;11.55|39;6.78|69;-1.04|14;6.04|14;3.91|40;30.46|4
2023;32.46;20.76;36.14|45;40.22|15;30.41|7;22.56|42;34.22|76;18.76|15;53.79|15;45.31|42;20.51|4
